"","t2","t3","t4","t5"
"AAACCTGAGAGGGATA-1-3",0.074,0.178,0.306,0.442
"AAACCTGAGGCAATTA-1-3",0.15,0.302,0.344,0.204
"AAACCTGGTAAGTGGC-1-3",0.042,0.042,0.244,0.672
"AAACCTGTCCCTCTTT-1-3",0.06,0.664,0.19,0.086
"AAACGGGAGTAGCGGT-1-3",0,0,0,1
"AAACGGGCAAAGAATC-1-3",0.17,0.11,0.126,0.594
"AAACGGGGTACAGTTC-1-3",0.706,0.118,0.062,0.114
"AAACGGGGTCGGGTCT-1-3",0.026,0.716,0.208,0.05
"AAACGGGTCAAACAAG-1-3",0.01,0.028,0.17,0.792
"AAACGGGTCAGCTCTC-1-3",0.008,0.026,0.94,0.026
"AAACGGGTCCGCGCAA-1-3",0.052,0.146,0.648,0.154
"AAACGGGTCGCATGGC-1-3",0.348,0.05,0.17,0.432
"AAAGATGAGAGTACCG-1-3",0.044,0.194,0.214,0.548
"AAAGATGAGCGCCTCA-1-3",0.104,0.18,0.448,0.268
"AAAGATGAGTACACCT-1-3",0.046,0.362,0.472,0.12
"AAAGATGAGTCATGCT-1-3",0.508,0.084,0.062,0.346
"AAAGATGAGTCTTGCA-1-3",0.74,0.112,0.064,0.084
"AAAGATGAGTGAACAT-1-3",0.028,0.144,0.73,0.098
"AAAGATGCAATGTTGC-1-3",0.812,0.056,0.052,0.08
"AAAGATGTCGGCTTGG-1-3",0.118,0.452,0.27,0.16
"AAAGCAAAGAACAACT-1-3",0.062,0.148,0.218,0.572
"AAAGCAAAGCTACCTA-1-3",0.028,0.078,0.312,0.582
"AAAGCAAGTGCAGTAG-1-3",0.196,0.16,0.308,0.336
"AAAGCAAGTTTGCATG-1-3",0.142,0.154,0.374,0.33
"AAAGTAGAGAGTGAGA-1-3",0.12,0.228,0.324,0.328
"AAAGTAGAGCGCCTTG-1-3",0.508,0.094,0.128,0.27
"AAAGTAGCACATGACT-1-3",0.07,0.7,0.118,0.112
"AAAGTAGGTCAGATAA-1-3",0.804,0.068,0.032,0.096
"AAATGCCAGACTAAGT-1-3",0.742,0.106,0.058,0.094
"AAATGCCCAATGGAAT-1-3",0.05,0.558,0.202,0.19
"AAATGCCCACATCTTT-1-3",0.018,0.044,0.284,0.654
"AAATGCCCACCAACCG-1-3",0.034,0.056,0.042,0.868
"AAATGCCCATGCTAGT-1-3",0.098,0.09,0.234,0.578
"AAATGCCGTGATAAGT-1-3",0.148,0.42,0.23,0.202
"AACACGTAGTAATCCC-1-3",0.034,0.168,0.59,0.208
"AACACGTCAAACGCGA-1-3",0.134,0.382,0.244,0.24
"AACACGTCAAATTGCC-1-3",0.14,0.448,0.174,0.238
"AACACGTGTCGACTGC-1-3",0.034,0.08,0.07,0.816
"AACACGTGTCGATTGT-1-3",0.056,0.578,0.25,0.116
"AACACGTGTCGGCTCA-1-3",0.038,0.078,0.18,0.704
"AACACGTGTCTTGTCC-1-3",0.044,0.064,0.31,0.582
"AACACGTGTGACTCAT-1-3",0.016,0.07,0.172,0.742
"AACACGTTCGGAATCT-1-3",0.062,0.04,0.128,0.77
"AACCATGAGAGCCTAG-1-3",0.036,0.076,0.408,0.48
"AACCATGAGTACCGGA-1-3",0.054,0.434,0.404,0.108
"AACCATGCACAGGAGT-1-3",0.08,0.08,0.286,0.554
"AACCATGGTCAGTGGA-1-3",1,0,0,0
"AACCATGGTGGGTATG-1-3",0.07,0.164,0.15,0.616
"AACCATGGTTCGGCAC-1-3",0.024,0.08,0.208,0.688
"AACCATGGTTGAACTC-1-3",0.054,0.12,0.15,0.676
"AACCATGTCGTATCAG-1-3",0.054,0.092,0.148,0.706
"AACCGCGAGGATGGTC-1-3",0.01,0.068,0.456,0.466
"AACCGCGAGGCCATAG-1-3",0.198,0.166,0.134,0.502
"AACCGCGCAGCCACCA-1-3",0.006,0.034,0.166,0.794
"AACCGCGCATGCCTAA-1-3",0.67,0.108,0.082,0.14
"AACCGCGGTTCTGGTA-1-3",0.13,0.28,0.298,0.292
"AACCGCGTCAGTGTTG-1-3",0.042,0.522,0.36,0.076
"AACCGCGTCCGCGGTA-1-3",0.078,0.274,0.42,0.228
"AACGTTGCAAGTTCTG-1-3",0.03,0.14,0.724,0.106
"AACGTTGCATGCCACG-1-3",0.064,0.612,0.2,0.124
"AACGTTGGTCTTGCGG-1-3",0.048,0.662,0.186,0.104
"AACGTTGTCAGTTAGC-1-3",0.048,0.108,0.28,0.564
"AACGTTGTCTGGTTCC-1-3",0.098,0.17,0.146,0.586
"AACTCAGAGAGCTGCA-1-3",0.012,0.056,0.796,0.136
"AACTCAGAGGTAGCCA-1-3",0.064,0.63,0.174,0.132
"AACTCAGAGTCGCCGT-1-3",0.714,0.072,0.07,0.144
"AACTCAGCATTCCTCG-1-3",0.018,0.046,0.29,0.646
"AACTCAGGTCTTGTCC-1-3",0.416,0.082,0.074,0.428
"AACTCAGGTGCCTGTG-1-3",0.018,0.034,0.432,0.516
"AACTCAGTCAGATAAG-1-3",0.044,0.05,0.084,0.822
"AACTCAGTCCCAAGAT-1-3",0.05,0.618,0.196,0.136
"AACTCAGTCCGTCAAA-1-3",0.012,0.014,0.602,0.372
"AACTCAGTCCTCGCAT-1-3",0.012,0.026,0.324,0.638
"AACTCCCAGAACTCGG-1-3",0.014,0.024,0.048,0.914
"AACTCCCAGGGAACGG-1-3",0.026,0.18,0.652,0.142
"AACTCCCAGTACGACG-1-3",0.55,0.052,0.08,0.318
"AACTCCCCAGTTCATG-1-3",0.126,0.17,0.508,0.196
"AACTCCCGTCCGAAGA-1-3",0.012,0.024,0.904,0.06
"AACTCTTAGATGGCGT-1-3",0.16,0.186,0.208,0.446
"AACTCTTAGCTAACAA-1-3",0.024,0.064,0.766,0.146
"AACTCTTAGTGAACGC-1-3",0.026,0.796,0.126,0.052
"AACTCTTCACTCGACG-1-3",0.066,0.148,0.496,0.29
"AACTCTTCATTTGCCC-1-3",0.128,0.208,0.096,0.568
"AACTGGTCAGTATCTG-1-3",0.03,0.084,0.656,0.23
"AACTGGTGTACCGTTA-1-3",0.076,0.076,0.126,0.722
"AACTGGTGTCGAGTTT-1-3",0.076,0.27,0.146,0.508
"AACTGGTTCCTACAGA-1-3",0.078,0.062,0.312,0.548
"AACTGGTTCGTCCAGG-1-3",0.114,0.114,0.644,0.128
"AACTTTCAGCCAACAG-1-3",0.074,0.1,0.116,0.71
"AACTTTCAGGCATTGG-1-3",0.114,0.244,0.316,0.326
"AACTTTCCACAGTCGC-1-3",0.018,0.054,0.44,0.488
"AACTTTCTCCAGATCA-1-3",0.06,0.308,0.482,0.15
"AAGACCTAGAAACGCC-1-3",0.144,0.136,0.13,0.59
"AAGACCTAGACCTTTG-1-3",0.03,0.362,0.516,0.092
"AAGACCTAGGTGTGGT-1-3",0.06,0.158,0.206,0.576
"AAGACCTAGTAAGTAC-1-3",0.094,0.398,0.352,0.156
"AAGACCTAGTAGGCCA-1-3",0.03,0.062,0.044,0.864
"AAGACCTCAATGGTCT-1-3",0.196,0.11,0.15,0.544
"AAGACCTCAGACTCGC-1-3",0.072,0.468,0.266,0.194
"AAGACCTGTCCAGTAT-1-3",0.434,0.152,0.068,0.346
"AAGACCTGTGGCTCCA-1-3",0,0,1,0
"AAGACCTGTGTTGAGG-1-3",0.104,0.108,0.216,0.572
"AAGCCGCAGGAGTTGC-1-3",0.344,0.148,0.052,0.456
"AAGCCGCCAATGGACG-1-3",0.046,0.06,0.522,0.372
"AAGCCGCGTTATCCGA-1-3",0.046,0.092,0.154,0.708
"AAGCCGCTCTTGCATT-1-3",0.112,0.394,0.302,0.192
"AAGGAGCAGTACATGA-1-3",0.05,0.234,0.602,0.114
"AAGGAGCCAAAGGTGC-1-3",0.06,0.214,0.56,0.166
"AAGGAGCCACCAGGTC-1-3",0.548,0.086,0.062,0.304
"AAGGAGCGTTCGTCTC-1-3",0.01,0.034,0.024,0.932
"AAGGAGCTCCCAACGG-1-3",0.008,0.07,0.688,0.234
"AAGGCAGCAGTACACT-1-3",0.014,0.042,0.024,0.92
"AAGGCAGGTCTAGCCG-1-3",0.036,0.674,0.244,0.046
"AAGGCAGTCCGAGCCA-1-3",0.01,0.036,0.91,0.044
"AAGGTTCAGATAGTCA-1-3",0.028,0.118,0.49,0.364
"AAGGTTCAGCGATTCT-1-3",0.04,0.092,0.304,0.564
"AAGGTTCAGGAGCGAG-1-3",0.052,0.202,0.556,0.19
"AAGGTTCGTCAACTGT-1-3",0.032,0.064,0.212,0.692
"AAGGTTCGTTCCACGG-1-3",0.114,0.218,0.516,0.152
"AAGTCTGAGTACGATA-1-3",0.158,0.082,0.102,0.658
"AAGTCTGAGTGAACGC-1-3",0.024,0.046,0.72,0.21
"AAGTCTGGTCTCCATC-1-3",0.046,0.176,0.246,0.532
"AAGTCTGGTGGACGAT-1-3",0.054,0.146,0.56,0.24
"AAGTCTGGTTGGGACA-1-3",0.76,0.076,0.066,0.098
"AAGTCTGTCCGAGCCA-1-3",0.024,0.038,0.35,0.588
"AATCCAGAGGGTTCCC-1-3",0.098,0.098,0.11,0.694
"AATCCAGTCAGGTTCA-1-3",0.03,0.118,0.474,0.378
"AATCCAGTCGGTCCGA-1-3",0.14,0.12,0.368,0.372
"AATCGGTAGGCATGTG-1-3",0.11,0.126,0.168,0.596
"AATCGGTAGTCTCCTC-1-3",0.094,0.182,0.184,0.54
"AATCGGTCAAACAACA-1-3",0.018,0.036,0.35,0.596
"AATCGGTCATATGGTC-1-3",0.038,0.096,0.22,0.646
"AATCGGTGTAGATTAG-1-3",0.02,0.112,0.748,0.12
"AATCGGTGTCACACGC-1-3",0.026,0.042,0.194,0.738
"AATCGGTTCCAAACTG-1-3",0.038,0.056,0.126,0.78
"AATCGGTTCGGAGGTA-1-3",0.034,0.052,0.172,0.742
"AATCGGTTCGTATCAG-1-3",0.072,0.25,0.51,0.168
"AATCGGTTCTTCGGTC-1-3",0.82,0.046,0.044,0.09
"ACACCAAAGTAGGCCA-1-3",0.74,0.094,0.052,0.114
"ACACCAAGTATAATGG-1-3",0.076,0.51,0.18,0.234
"ACACCAAGTATAGGTA-1-3",0.21,0.174,0.178,0.438
"ACACCAATCCCTCAGT-1-3",0.292,0.086,0.094,0.528
"ACACCCTAGGACAGCT-1-3",0.028,0.024,0.168,0.78
"ACACCCTAGGTGCTAG-1-3",0.112,0.168,0.132,0.588
"ACACCCTAGTTGTAGA-1-3",0.258,0.198,0.1,0.444
"ACACCCTCAAGGTGTG-1-3",0.06,0.552,0.21,0.178
"ACACCCTCACGTTGGC-1-3",0.056,0.078,0.076,0.79
"ACACCCTGTCAGATAA-1-3",0.02,0.04,0.262,0.678
"ACACCCTGTCTCCACT-1-3",0.104,0.428,0.246,0.222
"ACACCCTTCAGTGTTG-1-3",0.016,0.04,0.496,0.448
"ACACCCTTCCCAGGTG-1-3",0.09,0.108,0.212,0.59
"ACACCCTTCGTGGTCG-1-3",0.12,0.194,0.398,0.288
"ACACCGGAGAAACCAT-1-3",0.06,0.064,0.13,0.746
"ACACCGGCAGCGTCCA-1-3",0.224,0.204,0.198,0.374
"ACACCGGTCATGTCTT-1-3",0.144,0.138,0.19,0.528
"ACACTGAAGGGTTCCC-1-3",0.046,0.108,0.56,0.286
"ACACTGAGTACGACCC-1-3",0.044,0.046,0.048,0.862
"ACACTGAGTCCATGAT-1-3",0.046,0.066,0.154,0.734
"ACACTGATCCGTCAAA-1-3",0.02,0.062,0.052,0.866
"ACAGCCGAGAGAACAG-1-3",0.074,0.182,0.312,0.432
"ACAGCCGAGAGGTACC-1-3",0,1,0,0
"ACAGCCGAGCCAACAG-1-3",0.076,0.462,0.272,0.19
"ACAGCCGCAAGTACCT-1-3",0.082,0.486,0.294,0.138
"ACAGCCGTCTGGAGCC-1-3",0.062,0.472,0.364,0.102
"ACAGCTAAGTCGTTTG-1-3",0.058,0.17,0.608,0.164
"ACAGCTATCAAGGCTT-1-3",0.054,0.498,0.308,0.14
"ACAGCTATCGAGCCCA-1-3",0.074,0.098,0.558,0.27
"ACAGCTATCTTTACGT-1-3",0.136,0.18,0.152,0.532
"ACATACGAGCTATGCT-1-3",0.072,0.272,0.524,0.132
"ACATACGAGTAGGCCA-1-3",0.012,0.042,0.902,0.044
"ACATACGCACTTCTGC-1-3",0.046,0.05,0.266,0.638
"ACATACGGTAAACACA-1-3",0.504,0.096,0.1,0.3
"ACATACGGTCAATACC-1-3",0.01,0.064,0.844,0.082
"ACATACGGTCCCGACA-1-3",0.086,0.336,0.242,0.336
"ACATACGGTCTCTCTG-1-3",0.048,0.076,0.222,0.654
"ACATACGTCCATGAGT-1-3",0.146,0.192,0.3,0.362
"ACATCAGAGAGACTTA-1-3",0.068,0.038,0.612,0.282
"ACATCAGCACACGCTG-1-3",0.204,0.116,0.142,0.538
"ACATCAGCATCACAAC-1-3",0.092,0.132,0.146,0.63
"ACATCAGGTAAATGTG-1-3",0.076,0.054,0.518,0.352
"ACATCAGTCCGTTGTC-1-3",0.078,0.214,0.5,0.208
"ACATCAGTCCTTGGTC-1-3",0.012,0.028,0.414,0.546
"ACATCAGTCTACCTGC-1-3",0.086,0.158,0.278,0.478
"ACATGGTCAAGGACTG-1-3",0.024,0.134,0.736,0.106
"ACATGGTCAGAAGCAC-1-3",0.08,0.304,0.218,0.398
"ACATGGTGTCATGCAT-1-3",0.014,0.028,0.876,0.082
"ACATGGTGTTAGGGTG-1-3",0.06,0.7,0.134,0.106
"ACCAGTAAGTGATCGG-1-3",0.076,0.276,0.314,0.334
"ACCAGTACACTACAGT-1-3",0.068,0.376,0.35,0.206
"ACCAGTAGTCATGCCG-1-3",0.036,0.06,0.03,0.874
"ACCAGTAGTGCGCTTG-1-3",0.05,0.17,0.588,0.192
"ACCAGTAGTTCGTTGA-1-3",0.122,0.336,0.22,0.322
"ACCAGTAGTTGGACCC-1-3",0.038,0.114,0.666,0.182
"ACCAGTATCGTTTAGG-1-3",0.034,0.058,0.638,0.27
"ACCCACTCATACCATG-1-3",0.072,0.166,0.41,0.352
"ACCCACTTCTGAGGGA-1-3",0.042,0.092,0.088,0.778
"ACCGTAACAAGGTTCT-1-3",0.826,0.036,0.034,0.104
"ACCGTAAGTCTAGTGT-1-3",0.02,0.062,0.074,0.844
"ACCTTTAGTAGCACGA-1-3",0.13,0.15,0.178,0.542
"ACCTTTAGTCATATCG-1-3",0.046,0.126,0.348,0.48
"ACCTTTATCCGCTGTT-1-3",0.098,0.306,0.404,0.192
"ACCTTTATCCTGCAGG-1-3",0.026,0.524,0.316,0.134
"ACGAGCCAGTTCGCAT-1-3",0.05,0.132,0.256,0.562
"ACGAGCCCACCTTGTC-1-3",0.028,0.102,0.124,0.746
"ACGAGCCCAGTGGGAT-1-3",0.024,0.432,0.378,0.166
"ACGAGCCCATGAGCGA-1-3",0.802,0.05,0.094,0.054
"ACGAGCCCATGCAATC-1-3",0.04,0.062,0.538,0.36
"ACGAGCCGTAGCGATG-1-3",0.002,0.054,0.902,0.042
"ACGAGGAAGTTACCCA-1-3",0.012,0.038,0.9,0.05
"ACGAGGACATGGTTGT-1-3",0.094,0.46,0.32,0.126
"ACGAGGATCAATCTCT-1-3",0.258,0.288,0.124,0.33
"ACGAGGATCATCACCC-1-3",0.868,0.056,0.03,0.046
"ACGAGGATCGCCGTGA-1-3",0.05,0.096,0.638,0.216
"ACGATACAGATGAGAG-1-3",0.036,0.404,0.446,0.114
"ACGATACAGGGTCGAT-1-3",0.012,0.048,0.466,0.474
"ACGATACAGTCATCCA-1-3",0.018,0.034,0.888,0.06
"ACGATACCACAGGCCT-1-3",1,0,0,0
"ACGATACGTGAGGGAG-1-3",0.034,0.086,0.208,0.672
"ACGATACTCATTCACT-1-3",0.034,0.054,0.184,0.728
"ACGATACTCGCGCCAA-1-3",0.058,0.432,0.38,0.13
"ACGATGTGTCACTTCC-1-3",0.012,0.046,0.194,0.748
"ACGATGTGTCGCGGTT-1-3",0.276,0.086,0.086,0.552
"ACGATGTTCGCAGGCT-1-3",0.04,0.22,0.492,0.248
"ACGATGTTCTGCTGCT-1-3",0.018,0.046,0.294,0.642
"ACGCAGCCAATCCGAT-1-3",0.04,0.314,0.51,0.136
"ACGCAGCCATTCTCAT-1-3",0.11,0.146,0.406,0.338
"ACGCAGCGTAATCACC-1-3",0.046,0.076,0.068,0.81
"ACGCAGCGTCAACTGT-1-3",0.042,0.112,0.586,0.26
"ACGCAGCGTGGCTCCA-1-3",0.086,0.192,0.2,0.522
"ACGCAGCGTTCATGGT-1-3",0,0,1,0
"ACGCCAGAGGAACTGC-1-3",0.054,0.096,0.18,0.67
"ACGCCAGAGTGGACGT-1-3",0.03,0.076,0.308,0.586
"ACGCCAGCACCATCCT-1-3",0.006,0.074,0.792,0.128
"ACGCCAGGTTACAGAA-1-3",0,1,0,0
"ACGCCAGTCCCAAGTA-1-3",0.022,0.054,0.192,0.732
"ACGCCGAAGAGGGATA-1-3",0.01,0.028,0.894,0.068
"ACGCCGAAGCTTCGCG-1-3",0.102,0.378,0.296,0.224
"ACGCCGAAGGGTGTTG-1-3",0.124,0.162,0.226,0.488
"ACGCCGAGTTTGCATG-1-3",0.21,0.102,0.042,0.646
"ACGGCCAAGTGGACGT-1-3",0.058,0.134,0.256,0.552
"ACGGCCAGTCAAACTC-1-3",0.02,0.044,0.876,0.06
"ACGGCCAGTTGTCTTT-1-3",0.018,0.02,0.42,0.542
"ACGGCCAGTTTAAGCC-1-3",1,0,0,0
"ACGGGCTAGACTTGAA-1-3",0.046,0.132,0.61,0.212
"ACGGGTCAGATGGCGT-1-3",0.044,0.09,0.188,0.678
"ACGGGTCAGTGCTGCC-1-3",0.096,0.23,0.262,0.412
"ACGGGTCCATGATCCA-1-3",0.012,0.06,0.812,0.116
"ACGTCAAAGGTGTTAA-1-3",0.768,0.114,0.036,0.082
"ACGTCAAAGTGTCTCA-1-3",0.05,0.124,0.262,0.564
"ACGTCAAGTACAGTTC-1-3",0.048,0.054,0.082,0.816
"ACGTCAAGTCTAGCCG-1-3",0.046,0.128,0.184,0.642
"ACTATCTGTCAGGACA-1-3",0.312,0.27,0.096,0.322
"ACTATCTGTGTGACCC-1-3",0.012,0.044,0.578,0.366
"ACTATCTTCAAGATCC-1-3",0.086,0.106,0.292,0.516
"ACTATCTTCATGTAGC-1-3",0.788,0.06,0.078,0.074
"ACTATCTTCTGCTGTC-1-3",0.752,0.076,0.034,0.138
"ACTGAACAGAGTCTGG-1-3",0.054,0.046,0.824,0.076
"ACTGAACAGCGTAATA-1-3",0.064,0.442,0.292,0.202
"ACTGAACCACGTTGGC-1-3",0.148,0.176,0.174,0.502
"ACTGAACCATTCACTT-1-3",0.068,0.514,0.272,0.146
"ACTGAACTCTAGCACA-1-3",0.054,0.132,0.67,0.144
"ACTGAGTAGCGTTCCG-1-3",0.158,0.236,0.154,0.452
"ACTGAGTCATCCTAGA-1-3",0.814,0.088,0.05,0.048
"ACTGAGTGTAGCTAAA-1-3",0.104,0.244,0.364,0.288
"ACTGAGTGTCTTCAAG-1-3",0.036,0.168,0.054,0.742
"ACTGAGTTCAGCACAT-1-3",0,0,1,0
"ACTGAGTTCGCATGAT-1-3",0.046,0.118,0.144,0.692
"ACTGATGAGATCTGAA-1-3",0.178,0.226,0.286,0.31
"ACTGATGCAAGAGTCG-1-3",0.036,0.068,0.048,0.848
"ACTGATGCACATGACT-1-3",0.362,0.116,0.112,0.41
"ACTGATGCACTTGGAT-1-3",0.078,0.236,0.236,0.45
"ACTGATGCAGTATCTG-1-3",0.674,0.088,0.06,0.178
"ACTGATGCATCAGTAC-1-3",0.056,0.04,0.026,0.878
"ACTGATGCATGGTCTA-1-3",0.038,0.626,0.24,0.096
"ACTGATGCATGTCTCC-1-3",0.066,0.132,0.096,0.706
"ACTGATGGTCCGACGT-1-3",0.306,0.18,0.142,0.372
"ACTGATGGTTCCTCCA-1-3",0,1,0,0
"ACTGATGTCCCTAACC-1-3",0.018,0.066,0.872,0.044
"ACTGATGTCTAGAGTC-1-3",0.038,0.054,0.718,0.19
"ACTGATGTCTGCGACG-1-3",0.032,0.022,0.052,0.894
"ACTGCTCAGGTGTTAA-1-3",0.054,0.116,0.38,0.45
"ACTGCTCAGTCTCCTC-1-3",0.064,0.096,0.476,0.364
"ACTGCTCAGTTACCCA-1-3",0.07,0.238,0.59,0.102
"ACTGCTCCAAGAAGAG-1-3",0.024,0.062,0.056,0.858
"ACTGCTCGTCCTAGCG-1-3",0.028,0.092,0.14,0.74
"ACTGCTCTCAGAGCTT-1-3",0.076,0.1,0.154,0.67
"ACTGTCCAGCAATCTC-1-3",0.09,0.556,0.178,0.176
"ACTGTCCAGGACTGGT-1-3",0.04,0.1,0.112,0.748
"ACTGTCCCACGTAAGG-1-3",0.046,0.138,0.41,0.406
"ACTGTCCCAGCTGTGC-1-3",0.02,0.062,0.866,0.052
"ACTGTCCCAGTTTACG-1-3",0.06,0.056,0.136,0.748
"ACTGTCCGTATATGGA-1-3",0.062,0.17,0.318,0.45
"ACTGTCCTCGCTAGCG-1-3",0.024,0.026,0.024,0.926
"ACTTACTAGAGGGCTT-1-3",0.02,0.076,0.464,0.44
"ACTTACTAGCCGGTAA-1-3",0.012,0.056,0.884,0.048
"ACTTACTCAATACGCT-1-3",0.044,0.13,0.272,0.554
"ACTTACTCAATCAGAA-1-3",0.014,0.028,0.436,0.522
"ACTTACTCACATGTGT-1-3",1,0,0,0
"ACTTACTCACCGTTGG-1-3",0.576,0.168,0.084,0.172
"ACTTACTGTTTGGGCC-1-3",0.026,0.022,0.056,0.896
"ACTTACTTCCAATGGT-1-3",0.006,0.008,0.65,0.336
"ACTTGTTAGGCTCATT-1-3",0.238,0.106,0.138,0.518
"ACTTGTTAGTGAAGTT-1-3",0.254,0.13,0.142,0.474
"ACTTGTTAGTTAAGTG-1-3",0.044,0.294,0.512,0.15
"ACTTGTTCATGGTCAT-1-3",0.632,0.06,0.086,0.222
"ACTTGTTTCACCCGAG-1-3",0.206,0.14,0.26,0.394
"ACTTGTTTCATATCGG-1-3",0.052,0.074,0.162,0.712
"ACTTGTTTCCATGAGT-1-3",0.028,0.058,0.106,0.808
"ACTTTCAAGACAAGCC-1-3",0.158,0.198,0.146,0.498
"ACTTTCAAGACACTAA-1-3",0.054,0.386,0.448,0.112
"ACTTTCAAGGTGATTA-1-3",0.04,0.18,0.616,0.164
"ACTTTCACAACTGCTA-1-3",0.036,0.114,0.74,0.11
"ACTTTCACAGTCACTA-1-3",0.056,0.168,0.51,0.266
"ACTTTCATCACAAACC-1-3",0.018,0.038,0.086,0.858
"ACTTTCATCAGAGCTT-1-3",0.068,0.334,0.43,0.168
"AGAATAGCAATCACAC-1-3",0.06,0.224,0.614,0.102
"AGAATAGCACGCTTTC-1-3",0.034,0.084,0.78,0.102
"AGAATAGGTAGTACCT-1-3",0.138,0.242,0.164,0.456
"AGAATAGGTCCGTTAA-1-3",0.076,0.164,0.18,0.58
"AGAATAGGTCTCTCTG-1-3",0.106,0.1,0.162,0.632
"AGACGTTAGAGTAAGG-1-3",0.104,0.23,0.52,0.146
"AGACGTTAGCCGATTT-1-3",0.116,0.72,0.098,0.066
"AGACGTTAGCTAGTCT-1-3",0.126,0.29,0.402,0.182
"AGACGTTCAATGGTCT-1-3",0.73,0.07,0.056,0.144
"AGACGTTCACCACGTG-1-3",0.03,0.044,0.848,0.078
"AGACGTTTCGAGCCCA-1-3",0.018,0.044,0.366,0.572
"AGAGCGAAGGAGCGTT-1-3",0.01,0.12,0.762,0.108
"AGAGCGAAGGAGTAGA-1-3",0.534,0.178,0.14,0.148
"AGAGCGACAGTAAGAT-1-3",0.038,0.094,0.704,0.164
"AGAGCTTAGGTTACCT-1-3",0.03,0.022,0.32,0.628
"AGAGCTTCATTCGACA-1-3",0,0,1,0
"AGAGCTTTCTACTATC-1-3",0.596,0.114,0.076,0.214
"AGAGCTTTCTTGAGGT-1-3",0.038,0.046,0.102,0.814
"AGAGTGGAGGCGATAC-1-3",0.126,0.152,0.136,0.586
"AGAGTGGCACCTCGGA-1-3",0.034,0.094,0.47,0.402
"AGAGTGGGTCACCTAA-1-3",0.026,0.04,0.872,0.062
"AGAGTGGGTTCTGTTT-1-3",0.122,0.236,0.356,0.286
"AGAGTGGTCATTGCCC-1-3",0.062,0.726,0.12,0.092
"AGAGTGGTCGGCATCG-1-3",0.056,0.13,0.232,0.582
"AGATCTGCACCAGGTC-1-3",0.056,0.138,0.098,0.708
"AGATCTGGTTCGGCAC-1-3",0.07,0.132,0.59,0.208
"AGATCTGTCCGTCAAA-1-3",0.038,0.102,0.212,0.648
"AGATCTGTCGATCCCT-1-3",0.18,0.098,0.09,0.632
"AGATTGCAGTTCCACA-1-3",0.016,0.02,0.402,0.562
"AGATTGCCACAAGCCC-1-3",0.062,0.144,0.116,0.678
"AGATTGCCATTCCTGC-1-3",0.464,0.122,0.078,0.336
"AGATTGCGTGGTCCGT-1-3",0.038,0.04,0.328,0.594
"AGATTGCTCCAGTAGT-1-3",0.064,0.094,0.17,0.672
"AGCAGCCGTCAACATC-1-3",0.036,0.054,0.026,0.884
"AGCAGCCGTCGAACAG-1-3",0.078,0.066,0.068,0.788
"AGCAGCCGTCGCATCG-1-3",0.02,0.024,0.298,0.658
"AGCAGCCGTGTAACGG-1-3",0.014,0.014,0.156,0.816
"AGCAGCCTCTTCTGGC-1-3",0.608,0.076,0.056,0.26
"AGCATACCAATGCCAT-1-3",0.034,0.042,0.14,0.784
"AGCATACCACAGCCCA-1-3",0,0,1,0
"AGCATACGTCCGCTGA-1-3",1,0,0,0
"AGCATACGTCGCGAAA-1-3",0,0,1,0
"AGCATACGTGAAATCA-1-3",0.04,0.158,0.438,0.364
"AGCATACTCGTAGGTT-1-3",0.04,0.05,0.076,0.834
"AGCCTAAAGTTGTAGA-1-3",0.11,0.3,0.398,0.192
"AGCCTAAGTTCCATGA-1-3",0.038,0.042,0.146,0.774
"AGCGGTCCATAACCTG-1-3",0.018,0.056,0.064,0.862
"AGCGGTCGTACCGAGA-1-3",0.05,0.08,0.648,0.222
"AGCGGTCGTCGAATCT-1-3",0.012,0.048,0.338,0.602
"AGCGGTCTCAAAGACA-1-3",0.12,0.356,0.376,0.148
"AGCGGTCTCTAACTCT-1-3",0.016,0.05,0.13,0.804
"AGCGTATAGAATGTTG-1-3",0.188,0.156,0.198,0.458
"AGCGTATCACGAGGTA-1-3",0.08,0.696,0.16,0.064
"AGCGTATCATCTCCCA-1-3",0.004,0.018,0.55,0.428
"AGCGTATTCGTCTGCT-1-3",0.012,0.084,0.752,0.152
"AGCGTATTCTCGTATT-1-3",0,0,0,1
"AGCGTATTCTGCTGTC-1-3",0.038,0.102,0.32,0.54
"AGCGTCGCACAGGCCT-1-3",0.034,0.024,0.094,0.848
"AGCGTCGCACGCCAGT-1-3",0.766,0.09,0.07,0.074
"AGCTCCTCAAGAAGAG-1-3",0.16,0.176,0.214,0.45
"AGCTCCTCACTATCTT-1-3",0.082,0.12,0.67,0.128
"AGCTCCTCAGTTTACG-1-3",0.038,0.07,0.686,0.206
"AGCTCCTGTAGAGTGC-1-3",0.006,0.018,0.942,0.034
"AGCTCCTTCAATACCG-1-3",0.054,0.084,0.216,0.646
"AGCTCCTTCATGTCCC-1-3",0.096,0.47,0.24,0.194
"AGCTCCTTCGCCCTTA-1-3",0.022,0.034,0.792,0.152
"AGCTCTCAGACATAAC-1-3",0.2,0.134,0.34,0.326
"AGCTCTCAGCGTGAGT-1-3",0.058,0.108,0.204,0.63
"AGCTCTCGTCGCTTCT-1-3",0.042,0.588,0.236,0.134
"AGCTCTCGTTCAGTAC-1-3",0.07,0.096,0.052,0.782
"AGCTCTCTCCTGCTTG-1-3",0.058,0.052,0.066,0.824
"AGCTTGAAGACACGAC-1-3",0.068,0.042,0.462,0.428
"AGCTTGAAGAGTGACC-1-3",0.302,0.098,0.094,0.506
"AGCTTGACAATAGAGT-1-3",0.022,0.02,0.94,0.018
"AGCTTGACATCTATGG-1-3",0.158,0.156,0.088,0.598
"AGCTTGAGTCAAAGAT-1-3",0.056,0.046,0.282,0.616
"AGCTTGAGTGCAGTAG-1-3",0.514,0.102,0.086,0.298
"AGCTTGATCAACACGT-1-3",0.018,0.046,0.278,0.658
"AGCTTGATCTTGCCGT-1-3",0.78,0.144,0.022,0.054
"AGGCCACCAACTGCGC-1-3",0.074,0.32,0.436,0.17
"AGGCCACCACCACGTG-1-3",0.04,0.51,0.292,0.158
"AGGCCACCACGAAGCA-1-3",0.046,0.112,0.768,0.074
"AGGCCACCATGACATC-1-3",0.138,0.254,0.166,0.442
"AGGCCACCATGTCTCC-1-3",0.06,0.124,0.08,0.736
"AGGCCACGTAGAAAGG-1-3",0.234,0.21,0.08,0.476
"AGGCCACTCTCGAGTA-1-3",0.192,0.196,0.188,0.424
"AGGCCGTCACGGTGTC-1-3",0.522,0.048,0.062,0.368
"AGGCCGTGTACTCGCG-1-3",0.032,0.066,0.14,0.762
"AGGGAGTAGAGGTAGA-1-3",0.02,0.06,0.864,0.056
"AGGGAGTAGCTAGCCC-1-3",0.08,0.284,0.206,0.43
"AGGGAGTAGGTCATCT-1-3",0.098,0.51,0.216,0.176
"AGGGAGTCACCGAATT-1-3",0.012,0.036,0.924,0.028
"AGGGAGTCATGGTAGG-1-3",0.01,0.066,0.786,0.138
"AGGGAGTGTAATAGCA-1-3",0.042,0.412,0.396,0.15
"AGGGAGTGTCTTCTCG-1-3",0.02,0.07,0.12,0.79
"AGGGAGTGTGTAAGTA-1-3",0.024,0.018,0.11,0.848
"AGGGAGTTCACCACCT-1-3",0.17,0.198,0.094,0.538
"AGGGAGTTCCTCAATT-1-3",0.448,0.108,0.07,0.374
"AGGGAGTTCGGAGGTA-1-3",0.102,0.27,0.442,0.186
"AGGGATGAGCGTGAGT-1-3",0.088,0.168,0.062,0.682
"AGGGATGGTCGACTGC-1-3",0.082,0.362,0.266,0.29
"AGGGATGGTGACAAAT-1-3",0.286,0.14,0.104,0.47
"AGGGATGGTTAGGGTG-1-3",0.02,0.034,0.184,0.762
"AGGGATGTCGCATGAT-1-3",0.312,0.26,0.174,0.254
"AGGGATGTCGCATGGC-1-3",0.038,0.07,0.16,0.732
"AGGGTGAAGGTGCAAC-1-3",0.126,0.168,0.226,0.48
"AGGGTGACAGCGTTCG-1-3",0.07,0.088,0.162,0.68
"AGGGTGAGTCGCATAT-1-3",0.026,0.04,0.298,0.636
"AGGGTGAGTGCGAAAC-1-3",0.014,0.038,0.88,0.068
"AGGGTGATCCGCGGTA-1-3",0.026,0.066,0.154,0.754
"AGGTCATAGGCGCTCT-1-3",0.07,0.228,0.476,0.226
"AGGTCATCACTTCTGC-1-3",0.074,0.444,0.382,0.1
"AGGTCATCATTTCACT-1-3",1,0,0,0
"AGGTCATGTCCAGTAT-1-3",0.016,0.038,0.414,0.532
"AGGTCATGTCTCCCTA-1-3",0.204,0.286,0.276,0.234
"AGGTCATGTGCACTTA-1-3",0.07,0.12,0.094,0.716
"AGGTCATGTTTAGGAA-1-3",0.03,0.062,0.074,0.834
"AGGTCATTCTGGTATG-1-3",0.028,0.286,0.496,0.19
"AGGTCCGAGCGCTCCA-1-3",0.804,0.048,0.042,0.106
"AGGTCCGAGTTACCCA-1-3",0.024,0.08,0.282,0.614
"AGGTCCGCAATTCCTT-1-3",0.042,0.146,0.664,0.148
"AGGTCCGTCCCACTTG-1-3",0.362,0.116,0.084,0.438
"AGTAGTCAGCGTTCCG-1-3",0.012,0.064,0.8,0.124
"AGTAGTCCACATGACT-1-3",0.016,0.05,0.872,0.062
"AGTAGTCGTAGTGAAT-1-3",0.788,0.066,0.08,0.066
"AGTAGTCGTATCAGTC-1-3",0.024,0.062,0.148,0.766
"AGTAGTCGTCAGTGGA-1-3",0.04,0.108,0.158,0.694
"AGTAGTCGTCGCGTGT-1-3",0.156,0.226,0.352,0.266
"AGTAGTCGTGAGGGAG-1-3",0.094,0.208,0.23,0.468
"AGTAGTCTCACAACGT-1-3",0.398,0.116,0.052,0.434
"AGTCTTTAGTCTCGGC-1-3",0.038,0.18,0.216,0.566
"AGTCTTTCAAGCGCTC-1-3",0.052,0.198,0.494,0.256
"AGTCTTTCACGGACAA-1-3",0.046,0.322,0.474,0.158
"AGTCTTTGTCTAAACC-1-3",0.058,0.15,0.174,0.618
"AGTCTTTGTCTCGTTC-1-3",0.054,0.758,0.092,0.096
"AGTCTTTGTTACGGAG-1-3",0.226,0.15,0.13,0.494
"AGTCTTTGTTCGAATC-1-3",0.052,0.112,0.108,0.728
"AGTCTTTGTTTAGGAA-1-3",0.022,0.06,0.028,0.89
"AGTCTTTTCGTACGGC-1-3",0.048,0.102,0.49,0.36
"AGTGAGGAGGGAAACA-1-3",0.034,0.11,0.134,0.722
"AGTGAGGGTGGCGAAT-1-3",0.01,0.064,0.352,0.574
"AGTGAGGGTTATTCTC-1-3",0.056,0.29,0.508,0.146
"AGTGAGGTCTCCAACC-1-3",0.452,0.11,0.19,0.248
"AGTGAGGTCTGTTGAG-1-3",0.064,0.178,0.368,0.39
"AGTGGGAAGTACCGGA-1-3",0.044,0.138,0.616,0.202
"AGTGGGAAGTAGGCCA-1-3",0.08,0.43,0.334,0.156
"AGTGGGACAGGTCGTC-1-3",0.474,0.182,0.132,0.212
"AGTGGGACAGTATCTG-1-3",0.074,0.12,0.232,0.574
"AGTGGGAGTGGCAAAC-1-3",0.024,0.184,0.538,0.254
"AGTGGGAGTGGTCCGT-1-3",0.042,0.118,0.784,0.056
"AGTGGGATCAACTCTT-1-3",0.038,0.056,0.112,0.794
"AGTGTCAAGTACCGGA-1-3",0,0,1,0
"AGTGTCACACCAGGTC-1-3",0.072,0.134,0.238,0.556
"AGTGTCACATAGTAAG-1-3",0,0,0,1
"AGTGTCATCCCTTGTG-1-3",0.086,0.104,0.222,0.588
"AGTGTCATCGCCGTGA-1-3",0.05,0.058,0.492,0.4
"AGTTGGTAGAGCCTAG-1-3",0.068,0.514,0.226,0.192
"AGTTGGTAGCGCCTCA-1-3",0.092,0.156,0.088,0.664
"AGTTGGTAGGAACTGC-1-3",0.064,0.446,0.34,0.15
"AGTTGGTCAAACAACA-1-3",0.036,0.084,0.834,0.046
"AGTTGGTGTCGCATCG-1-3",0.038,0.07,0.206,0.686
"AGTTGGTGTTGTCGCG-1-3",0.032,0.06,0.562,0.346
"AGTTGGTTCACATAGC-1-3",0.02,0.03,0.468,0.482
"ATAACGCCAAGGTTCT-1-3",0.022,0.476,0.36,0.142
"ATAACGCCACACTGCG-1-3",0.078,0.102,0.116,0.704
"ATAACGCCACCGCTAG-1-3",0.024,0.072,0.192,0.712
"ATAACGCTCGCCAAAT-1-3",0.052,0.096,0.154,0.698
"ATAACGCTCGGAGGTA-1-3",0.118,0.06,0.232,0.59
"ATAAGAGCAGTCTTCC-1-3",0.058,0.112,0.232,0.598
"ATAAGAGGTGCTAGCC-1-3",0.038,0.028,0.116,0.818
"ATAGACCAGCGTGTCC-1-3",0.07,0.276,0.488,0.166
"ATAGACCAGTGATCGG-1-3",0.11,0.39,0.34,0.16
"ATAGACCTCCGTAGTA-1-3",0.028,0.014,0.186,0.772
"ATAGACCTCTGATACG-1-3",0.134,0.176,0.066,0.624
"ATAGACCTCTTGAGAC-1-3",0.048,0.65,0.2,0.102
"ATCACGACAAGTACCT-1-3",0.02,0.022,0.452,0.506
"ATCACGACAGCCTATA-1-3",0.02,0.074,0.44,0.466
"ATCACGAGTGCACCAC-1-3",0.11,0.104,0.152,0.634
"ATCACGATCACGGTTA-1-3",0.228,0.206,0.152,0.414
"ATCACGATCAGGATCT-1-3",0.342,0.188,0.102,0.368
"ATCACGATCGGTCCGA-1-3",0,0,1,0
"ATCATCTAGATCCCGC-1-3",0.18,0.162,0.468,0.19
"ATCATCTAGATCCTGT-1-3",0.086,0.434,0.376,0.104
"ATCATCTAGGCCCTTG-1-3",0.038,0.072,0.242,0.648
"ATCATCTCACGTCTCT-1-3",0.102,0.176,0.284,0.438
"ATCATCTCAGCATGAG-1-3",0.016,0.604,0.26,0.12
"ATCATCTCATAAGACA-1-3",0.412,0.182,0.104,0.302
"ATCATCTGTAGGACAC-1-3",0.04,0.08,0.222,0.658
"ATCATCTGTGTTTGTG-1-3",0.054,0.076,0.132,0.738
"ATCATCTTCAGTCCCT-1-3",0.056,0.108,0.244,0.592
"ATCATGGAGAGTAAGG-1-3",0.086,0.182,0.388,0.344
"ATCATGGAGGAATGGA-1-3",0.05,0.29,0.484,0.176
"ATCATGGAGTACGTAA-1-3",0.698,0.07,0.056,0.176
"ATCATGGCAATAGCAA-1-3",0.042,0.072,0.218,0.668
"ATCATGGCAGCTGTGC-1-3",0.164,0.076,0.17,0.59
"ATCATGGGTATTCGTG-1-3",0.178,0.428,0.216,0.178
"ATCATGGGTCCGCTGA-1-3",0.048,0.14,0.06,0.752
"ATCATGGGTGATGTGG-1-3",0.012,0.052,0.066,0.87
"ATCATGGGTTCTCATT-1-3",0,1,0,0
"ATCCACCAGAGCCTAG-1-3",1,0,0,0
"ATCCACCCAGCTCGCA-1-3",0.252,0.138,0.08,0.53
"ATCCACCCAGTCTTCC-1-3",0.02,0.042,0.328,0.61
"ATCCACCTCATGCAAC-1-3",0.086,0.624,0.138,0.152
"ATCCACCTCCTTTCTC-1-3",0.16,0.116,0.208,0.516
"ATCCGAAAGATGTAAC-1-3",0.052,0.128,0.236,0.584
"ATCCGAAGTACACCGC-1-3",0.06,0.112,0.076,0.752
"ATCCGAAGTGTGCGTC-1-3",0.1,0.456,0.284,0.16
"ATCCGAATCAACTCTT-1-3",0.042,0.056,0.172,0.73
"ATCGAGTCAAGCGAGT-1-3",0.074,0.108,0.134,0.684
"ATCGAGTTCTACTTAC-1-3",0.042,0.048,0.15,0.76
"ATCTACTAGCTTTGGT-1-3",0.372,0.082,0.078,0.468
"ATCTACTCAGGGAGAG-1-3",0.02,0.05,0.148,0.782
"ATCTACTGTGAACCTT-1-3",0.028,0.036,0.226,0.71
"ATCTACTTCACCTTAT-1-3",0.132,0.08,0.188,0.6
"ATCTGCCCAATCCGAT-1-3",0.038,0.082,0.112,0.768
"ATCTGCCCACGTCTCT-1-3",0.022,0.056,0.53,0.392
"ATCTGCCCATGTTGAC-1-3",0.038,0.118,0.22,0.624
"ATCTGCCGTATTAGCC-1-3",0.012,0.092,0.858,0.038
"ATCTGCCGTCAGAAGC-1-3",0.096,0.504,0.146,0.254
"ATCTGCCGTCATATGC-1-3",0.068,0.156,0.26,0.516
"ATCTGCCTCACGCGGT-1-3",0.06,0.112,0.152,0.676
"ATCTGCCTCCACGAAT-1-3",0.068,0.334,0.404,0.194
"ATCTGCCTCCCTGACT-1-3",0,1,0,0
"ATCTGCCTCTGCAAGT-1-3",0.822,0.068,0.062,0.048
"ATGAGGGCAAGGTTTC-1-3",0.334,0.09,0.098,0.478
"ATGAGGGGTGGTACAG-1-3",0.85,0.048,0.062,0.04
"ATGAGGGGTTACGCGC-1-3",0.082,0.176,0.288,0.454
"ATGAGGGGTTCTGGTA-1-3",0.056,0.106,0.09,0.748
"ATGAGGGTCTTGACGA-1-3",0.02,0.15,0.496,0.334
"ATGCGATAGAAACGAG-1-3",0.058,0.082,0.14,0.72
"ATGCGATAGACCACGA-1-3",0.072,0.092,0.186,0.65
"ATGCGATTCGCGTAGC-1-3",0.066,0.344,0.41,0.18
"ATGCGATTCGTTACGA-1-3",0.092,0.372,0.21,0.326
"ATGGGAGAGGATGCGT-1-3",0.052,0.084,0.076,0.788
"ATGGGAGCAGCCTTGG-1-3",0.166,0.164,0.21,0.46
"ATGGGAGCAGCGATCC-1-3",0.054,0.106,0.084,0.756
"ATGGGAGCATGGATGG-1-3",0.048,0.044,0.564,0.344
"ATGTGTGAGCTTTGGT-1-3",0.112,0.332,0.408,0.148
"ATGTGTGAGGAATTAC-1-3",0.064,0.186,0.498,0.252
"ATGTGTGAGTACGCGA-1-3",0.072,0.622,0.162,0.144
"ATGTGTGAGTTTGCGT-1-3",0.052,0.288,0.164,0.496
"ATGTGTGCACAAGTAA-1-3",0.056,0.12,0.166,0.658
"ATGTGTGCACCGGAAA-1-3",0.01,0.02,0.66,0.31
"ATGTGTGCAGCGTCCA-1-3",0.554,0.198,0.054,0.194
"ATGTGTGCATGGGACA-1-3",0.052,0.158,0.656,0.134
"ATGTGTGTCAAAGACA-1-3",0.04,0.062,0.144,0.754
"ATGTGTGTCAACCATG-1-3",0.168,0.13,0.112,0.59
"ATTACTCAGATGGGTC-1-3",0.04,0.05,0.316,0.594
"ATTACTCTCTGCCAGG-1-3",0.034,0.68,0.21,0.076
"ATTATCCAGAAACCTA-1-3",0.008,0.05,0.824,0.118
"ATTATCCAGACCCACC-1-3",0.024,0.07,0.75,0.156
"ATTATCCAGAGATGAG-1-3",0.056,0.212,0.096,0.636
"ATTATCCAGGACATTA-1-3",0.164,0.166,0.156,0.514
"ATTATCCCAACTGCTA-1-3",0.032,0.048,0.354,0.566
"ATTATCCGTATAAACG-1-3",0.024,0.134,0.604,0.238
"ATTATCCTCCTTTACA-1-3",0.046,0.07,0.57,0.314
"ATTCTACCACGGTAAG-1-3",0.032,0.072,0.532,0.364
"ATTCTACGTTTAGGAA-1-3",0.542,0.064,0.108,0.286
"ATTCTACTCTAGCACA-1-3",0.254,0.098,0.106,0.542
"ATTGGACAGGCCCGTT-1-3",0.006,0.042,0.206,0.746
"ATTGGACAGTAATCCC-1-3",0.038,0.084,0.804,0.074
"ATTGGACGTTACGACT-1-3",0.048,0.18,0.082,0.69
"ATTGGTGAGAGCTGCA-1-3",0.026,0.076,0.422,0.476
"ATTGGTGCAGCGAACA-1-3",0.078,0.058,0.092,0.772
"ATTGGTGGTCTTCTCG-1-3",0.024,0.18,0.418,0.378
"ATTTCTGAGAAGATTC-1-3",0.068,0.104,0.548,0.28
"ATTTCTGCACTTCGAA-1-3",0.032,0.108,0.582,0.278
"ATTTCTGCATGCCTTC-1-3",0.076,0.034,0.094,0.796
"ATTTCTGTCCCTGACT-1-3",0.07,0.15,0.52,0.26
"ATTTCTGTCCGGGTGT-1-3",0.024,0.07,0.09,0.816
"ATTTCTGTCGGCGCTA-1-3",0.024,0.104,0.296,0.576
"CAACCAAAGCGTTCCG-1-3",0.032,0.136,0.112,0.72
"CAACCAACAACCGCCA-1-3",0.35,0.324,0.11,0.216
"CAACCAACACCTCGTT-1-3",0.026,0.032,0.058,0.884
"CAACCAAGTATCAGTC-1-3",0.09,0.14,0.25,0.52
"CAACCTCAGCGTGAAC-1-3",0.044,0.058,0.078,0.82
"CAACCTCCATTACCTT-1-3",0.746,0.094,0.072,0.088
"CAACCTCGTCTAAACC-1-3",0.068,0.136,0.358,0.438
"CAACCTCTCTCTGTCG-1-3",0.06,0.248,0.538,0.154
"CAACTAGAGCAGGTCA-1-3",0.718,0.098,0.05,0.134
"CAACTAGCAAAGTGCG-1-3",0.014,0.076,0.74,0.17
"CAACTAGCAAGCCGTC-1-3",0.03,0.062,0.126,0.782
"CAACTAGTCTCTGAGA-1-3",0.224,0.108,0.18,0.488
"CAAGAAAAGACTAAGT-1-3",0.094,0.534,0.192,0.18
"CAAGAAAAGAGTACCG-1-3",0.044,0.114,0.352,0.49
"CAAGAAACACTAGTAC-1-3",0.036,0.052,0.202,0.71
"CAAGATCCATCGATTG-1-3",0.078,0.442,0.324,0.156
"CAAGATCGTACCCAAT-1-3",0.354,0.164,0.168,0.314
"CAAGATCTCTCAAGTG-1-3",0.06,0.078,0.204,0.658
"CAAGGCCAGACGACGT-1-3",0.04,0.102,0.73,0.128
"CAAGGCCCAAGAAAGG-1-3",1,0,0,0
"CAAGGCCTCAGTGCAT-1-3",0.048,0.378,0.454,0.12
"CAAGGCCTCTCAACTT-1-3",0.032,0.122,0.094,0.752
"CAAGGCCTCTTACCTA-1-3",0.5,0.08,0.052,0.368
"CAAGTTGAGCAGATCG-1-3",0.054,0.17,0.41,0.366
"CAAGTTGAGGCCATAG-1-3",0.054,0.098,0.08,0.768
"CAAGTTGAGTACGATA-1-3",0.064,0.612,0.234,0.09
"CAAGTTGCAAGACGTG-1-3",0.004,0.022,0.894,0.08
"CAAGTTGGTGTGCCTG-1-3",0.062,0.096,0.26,0.582
"CAAGTTGTCAACACGT-1-3",0.092,0.488,0.25,0.17
"CAAGTTGTCGTCCGTT-1-3",0.044,0.088,0.288,0.58
"CAAGTTGTCTAACTGG-1-3",0.04,0.094,0.452,0.414
"CAAGTTGTCTGGTTCC-1-3",0.066,0.558,0.238,0.138
"CACAAACAGTAGCGGT-1-3",0.03,0.062,0.3,0.608
"CACAAACCACGAAAGC-1-3",0.162,0.082,0.146,0.61
"CACACAAAGCTCCCAG-1-3",0.02,0.068,0.856,0.056
"CACACAAGTTAAGAAC-1-3",0.048,0.048,0.19,0.714
"CACACCTCACGGATAG-1-3",0.02,0.13,0.574,0.276
"CACACCTCACTGCCAG-1-3",0,1,0,0
"CACACCTCATTGTGCA-1-3",0.02,0.074,0.234,0.672
"CACACCTGTACATGTC-1-3",0.114,0.118,0.126,0.642
"CACACCTGTCATGCAT-1-3",0.05,0.088,0.092,0.77
"CACACCTGTCGCTTTC-1-3",0.012,0.06,0.844,0.084
"CACACCTGTTATCCGA-1-3",0.1,0.192,0.118,0.59
"CACACCTTCGATCCCT-1-3",1,0,0,0
"CACACCTTCGTAGGAG-1-3",0.146,0.44,0.32,0.094
"CACACCTTCTGGCGTG-1-3",0.036,0.056,0.1,0.808
"CACACTCCATCTATGG-1-3",0.072,0.178,0.454,0.296
"CACACTCGTAGGGTAC-1-3",0.032,0.074,0.486,0.408
"CACAGGCCAAGGCTCC-1-3",0.064,0.052,0.174,0.71
"CACAGGCCACGTCAGC-1-3",0.126,0.52,0.146,0.208
"CACAGGCTCAAGATCC-1-3",0.176,0.234,0.208,0.382
"CACAGTACATCCGTGG-1-3",0.114,0.176,0.226,0.484
"CACAGTAGTGCACTTA-1-3",0.076,0.424,0.36,0.14
"CACATAGAGGGAAACA-1-3",0.05,0.134,0.434,0.382
"CACATAGTCATTGCGA-1-3",0.866,0.04,0.026,0.068
"CACATAGTCCATTCTA-1-3",0.096,0.322,0.396,0.186
"CACATAGTCCCTAACC-1-3",0.018,0.038,0.208,0.736
"CACATTTAGATTACCC-1-3",0.08,0.144,0.282,0.494
"CACATTTCAATCCGAT-1-3",0.07,0.098,0.12,0.712
"CACATTTGTATAGTAG-1-3",0.026,0.024,0.208,0.742
"CACATTTTCGAGGTAG-1-3",0.714,0.086,0.07,0.13
"CACCACTAGCGATCCC-1-3",0.108,0.31,0.382,0.2
"CACCACTCAATCTACG-1-3",0.048,0.312,0.518,0.122
"CACCACTCACCTCGTT-1-3",0.07,0.196,0.15,0.584
"CACCACTCACGAAATA-1-3",0.046,0.612,0.252,0.09
"CACCACTGTACAGTGG-1-3",0.106,0.136,0.182,0.576
"CACCACTGTGTGTGCC-1-3",0.068,0.092,0.39,0.45
"CACCAGGAGCGGCTTC-1-3",0.518,0.222,0.082,0.178
"CACCAGGAGTGTTGAA-1-3",0.016,0.038,0.262,0.684
"CACCAGGCATAAAGGT-1-3",0.046,0.104,0.102,0.748
"CACCAGGTCTCCGGTT-1-3",0,0,0,1
"CACCTTGAGTCCTCCT-1-3",0.238,0.112,0.048,0.602
"CACCTTGTCGCGTTTC-1-3",0.078,0.12,0.19,0.612
"CACCTTGTCGTGGTCG-1-3",0.056,0.108,0.204,0.632
"CACTCCACATCGTCGG-1-3",0,1,0,0
"CACTCCATCAACACAC-1-3",0.296,0.222,0.15,0.332
"CACTCCATCCACGCAG-1-3",0.048,0.094,0.218,0.64
"CACTCCATCGCAAGCC-1-3",0.018,0.022,0.258,0.702
"CAGAATCAGTTGTAGA-1-3",0.5,0.3,0.08,0.12
"CAGAATCCACAAGCCC-1-3",0.824,0.1,0.044,0.032
"CAGAATCCACCCATGG-1-3",0.04,0.044,0.854,0.062
"CAGAATCCATCCCACT-1-3",0.054,0.208,0.49,0.248
"CAGAATCCATTGGGCC-1-3",0.068,0.69,0.164,0.078
"CAGAATCGTCATTAGC-1-3",0.024,0.078,0.49,0.408
"CAGAATCGTCGGCTCA-1-3",0.028,0.038,0.292,0.642
"CAGAATCGTGTAAGTA-1-3",0.01,0.028,0.938,0.024
"CAGAGAGAGGACCACA-1-3",0.044,0.144,0.66,0.152
"CAGAGAGGTACCGTTA-1-3",0.062,0.094,0.534,0.31
"CAGAGAGGTGTGAATA-1-3",0.03,0.262,0.542,0.166
"CAGAGAGTCGGCCGAT-1-3",0.102,0.322,0.246,0.33
"CAGATCAAGAATGTGT-1-3",0.038,0.332,0.498,0.132
"CAGATCAAGCTGTTCA-1-3",0.376,0.1,0.1,0.424
"CAGCAGCAGAGGTACC-1-3",0.024,0.064,0.042,0.87
"CAGCAGCAGCCCTAAT-1-3",0.11,0.142,0.166,0.582
"CAGCAGCGTACAGCAG-1-3",0.034,0.224,0.606,0.136
"CAGCATAAGACGACGT-1-3",0.052,0.102,0.198,0.648
"CAGCATAAGCCAACAG-1-3",0.028,0.436,0.432,0.104
"CAGCATAAGGAGTTGC-1-3",0.578,0.144,0.062,0.216
"CAGCATACACGAGGTA-1-3",0.15,0.232,0.14,0.478
"CAGCATAGTAATAGCA-1-3",0.036,0.086,0.134,0.744
"CAGCATAGTTGCGCAC-1-3",0.286,0.12,0.09,0.504
"CAGCATATCAAGATCC-1-3",0.104,0.18,0.306,0.41
"CAGCATATCTTAACCT-1-3",0.036,0.13,0.354,0.48
"CAGCCGAAGAATGTTG-1-3",0.084,0.514,0.222,0.18
"CAGCCGAAGCAATATG-1-3",0.022,0.05,0.384,0.544
"CAGCCGAGTAGCCTAT-1-3",0.02,0.032,0.11,0.838
"CAGCCGAGTGGTCCGT-1-3",0.012,0.176,0.676,0.136
"CAGCCGATCCTATTCA-1-3",0.028,0.058,0.152,0.762
"CAGCCGATCGTTTATC-1-3",0.028,0.044,0.214,0.714
"CAGCGACAGATCACGG-1-3",0.27,0.192,0.146,0.392
"CAGCGACAGGCACATG-1-3",0.036,0.09,0.76,0.114
"CAGCGACCACCGTTGG-1-3",0.016,0.044,0.31,0.63
"CAGCGACCATATGGTC-1-3",0.03,0.112,0.192,0.666
"CAGCGACTCATGCAAC-1-3",0.002,0.026,0.898,0.074
"CAGCGACTCCGCGCAA-1-3",0.012,0.016,0.916,0.056
"CAGCTAAAGAGTACAT-1-3",0.03,0.03,0.068,0.872
"CAGCTAAAGCGCTTAT-1-3",0.022,0.038,0.124,0.816
"CAGCTAAAGTTTCCTT-1-3",0.054,0.114,0.078,0.754
"CAGCTAACAGCTTAAC-1-3",0.064,0.138,0.162,0.636
"CAGCTAACATGCCTAA-1-3",0.026,0.078,0.262,0.634
"CAGCTAAGTACCGAGA-1-3",0.024,0.03,0.36,0.586
"CAGCTAAGTACGCACC-1-3",0.054,0.5,0.326,0.12
"CAGCTGGCAAAGAATC-1-3",0.85,0.044,0.058,0.048
"CAGCTGGCAAGTTGTC-1-3",0.058,0.132,0.26,0.55
"CAGCTGGGTCTAACGT-1-3",0.06,0.074,0.568,0.298
"CAGCTGGGTTCTCATT-1-3",0.676,0.072,0.054,0.198
"CAGCTGGTCGCCGTGA-1-3",0.086,0.242,0.258,0.414
"CAGGTGCAGCCAGGAT-1-3",0.076,0.084,0.21,0.63
"CAGGTGCAGCTTCGCG-1-3",0.238,0.158,0.112,0.492
"CAGGTGCCATCAGTCA-1-3",0.052,0.074,0.632,0.242
"CAGGTGCGTACAAGTA-1-3",0.12,0.13,0.124,0.626
"CAGGTGCTCCGCAGTG-1-3",0.1,0.098,0.178,0.624
"CAGTAACAGCCACCTG-1-3",0.778,0.106,0.064,0.052
"CAGTAACAGCTTCGCG-1-3",0.01,0.04,0.904,0.046
"CAGTAACAGTGGAGTC-1-3",0.05,0.088,0.532,0.33
"CAGTAACCAGGTCGTC-1-3",0.008,0.044,0.898,0.05
"CAGTAACCATACGCTA-1-3",0.746,0.11,0.046,0.098
"CAGTAACGTCGCCATG-1-3",0.08,0.218,0.4,0.302
"CAGTAACGTCTGATCA-1-3",0.08,0.164,0.232,0.524
"CAGTCCTAGCCGATTT-1-3",0.046,0.1,0.248,0.606
"CAGTCCTAGGTGGGTT-1-3",0.09,0.418,0.354,0.138
"CAGTCCTAGTCGTACT-1-3",0.036,0.598,0.234,0.132
"CAGTCCTCAGGGCATA-1-3",0.058,0.198,0.59,0.154
"CAGTCCTGTCGTGGCT-1-3",0.054,0.386,0.392,0.168
"CATATGGAGGCCCGTT-1-3",0.084,0.11,0.13,0.676
"CATATGGCATGCTAGT-1-3",0.052,0.102,0.76,0.086
"CATATGGGTGAAAGAG-1-3",0.026,0.048,0.368,0.558
"CATATGGGTTACTGAC-1-3",0.122,0.154,0.11,0.614
"CATATGGTCACAGTAC-1-3",0.036,0.074,0.162,0.728
"CATATTCGTTTGTGTG-1-3",0.064,0.06,0.602,0.274
"CATATTCTCAATCACG-1-3",0.074,0.126,0.138,0.662
"CATATTCTCCTGTAGA-1-3",0.044,0.25,0.612,0.094
"CATCAAGAGCTCCTTC-1-3",0.026,0.044,0.55,0.38
"CATCAAGAGGGTATCG-1-3",0.044,0.114,0.098,0.744
"CATCAAGAGGTAGCTG-1-3",0.072,0.086,0.078,0.764
"CATCAAGGTGGTCTCG-1-3",0.478,0.068,0.092,0.362
"CATCAAGGTTCGGCAC-1-3",0.114,0.31,0.34,0.236
"CATCAAGTCCGAAGAG-1-3",0.034,0.042,0.328,0.596
"CATCAGAAGAGGTTGC-1-3",0.01,0.068,0.684,0.238
"CATCAGAAGGCGATAC-1-3",0.092,0.146,0.404,0.358
"CATCAGAAGTGGTAAT-1-3",0.092,0.178,0.17,0.56
"CATCAGACATAACCTG-1-3",0.2,0.252,0.164,0.384
"CATCAGAGTCTCTTTA-1-3",0.114,0.158,0.246,0.482
"CATCAGAGTTCGCTAA-1-3",0.034,0.506,0.366,0.094
"CATCAGATCATCGCTC-1-3",0.058,0.138,0.43,0.374
"CATCCACCAAGAGGCT-1-3",0.72,0.058,0.058,0.164
"CATCCACCAGATGGGT-1-3",0.136,0.674,0.096,0.094
"CATCCACGTACCAGTT-1-3",0.632,0.06,0.064,0.244
"CATCCACGTACTCAAC-1-3",0.06,0.124,0.488,0.328
"CATCCACGTGAAGGCT-1-3",0.114,0.456,0.31,0.12
"CATCCACGTTACGACT-1-3",0.782,0.13,0.046,0.042
"CATCGAAAGACAAGCC-1-3",0.106,0.408,0.322,0.164
"CATCGAACACTACAGT-1-3",0.014,0.09,0.768,0.128
"CATCGAAGTACGAAAT-1-3",0.578,0.116,0.126,0.18
"CATCGAAGTAGCGTCC-1-3",0.862,0.046,0.016,0.076
"CATCGAAGTCACACGC-1-3",0.142,0.112,0.16,0.586
"CATCGAAGTTAAGACA-1-3",0.162,0.222,0.318,0.298
"CATCGAAGTTTCCACC-1-3",0.03,0.068,0.59,0.312
"CATCGAATCGCCAGCA-1-3",0.034,0.172,0.076,0.718
"CATCGGGAGGCCCTTG-1-3",0,1,0,0
"CATCGGGCACGTTGGC-1-3",0.026,0.104,0.666,0.204
"CATCGGGTCATTTGGG-1-3",0.094,0.57,0.236,0.1
"CATCGGGTCTTCGGTC-1-3",0.164,0.104,0.288,0.444
"CATGACACAAAGTCAA-1-3",0.064,0.236,0.51,0.19
"CATGACACAACAACCT-1-3",0.016,0.052,0.758,0.174
"CATGACACAAGAAGAG-1-3",0,0,0,1
"CATGACACACATGACT-1-3",0.156,0.112,0.178,0.554
"CATGACACACGTAAGG-1-3",0.04,0.286,0.402,0.272
"CATGACACATCGATTG-1-3",0.016,0.022,0.562,0.4
"CATGACAGTAGCTTGT-1-3",0.02,0.036,0.92,0.024
"CATGACAGTCATGCAT-1-3",0.016,0.048,0.352,0.584
"CATGACAGTTAAAGTG-1-3",0.032,0.018,0.456,0.494
"CATGACATCATGCATG-1-3",0.02,0.132,0.526,0.322
"CATGACATCGCCAGCA-1-3",0.066,0.078,0.118,0.738
"CATGCCTAGTGGTAGC-1-3",0.028,0.058,0.262,0.652
"CATGCCTCACCCATTC-1-3",0.038,0.252,0.486,0.224
"CATGCCTCACTTGGAT-1-3",0.014,0.05,0.914,0.022
"CATGCCTCAGTATGCT-1-3",0.036,0.076,0.136,0.752
"CATGCCTGTTCGTCTC-1-3",0.748,0.088,0.058,0.106
"CATGCCTTCCTGCAGG-1-3",0.024,0.052,0.14,0.784
"CATGCCTTCGCACTCT-1-3",0.024,0.03,0.232,0.714
"CATGGCGAGAAGGCCT-1-3",0.034,0.074,0.66,0.232
"CATGGCGAGCCCTAAT-1-3",0.266,0.184,0.15,0.4
"CATGGCGGTAGCACGA-1-3",0.036,0.162,0.552,0.25
"CATGGCGGTGACTCAT-1-3",0.04,0.2,0.402,0.358
"CATGGCGTCGACCAGC-1-3",0.038,0.062,0.22,0.68
"CATGGCGTCTTGTCAT-1-3",0.026,0.03,0.142,0.802
"CATTATCAGCTCCCAG-1-3",0.04,0.072,0.07,0.818
"CATTATCAGGCTCAGA-1-3",0.034,0.034,0.156,0.776
"CATTATCGTCATATCG-1-3",0.024,0.078,0.118,0.78
"CATTATCGTGATAAGT-1-3",0.024,0.038,0.278,0.66
"CATTATCTCTGAAAGA-1-3",0.026,0.106,0.152,0.716
"CATTCGCAGTCAATAG-1-3",0.038,0.048,0.2,0.714
"CATTCGCCATCACAAC-1-3",0.026,0.068,0.324,0.582
"CATTCGCGTCAAACTC-1-3",0.12,0.104,0.218,0.558
"CATTCGCGTGCAGACA-1-3",0.858,0.046,0.028,0.068
"CATTCGCTCGCCTGAG-1-3",0.084,0.442,0.312,0.162
"CATTCGCTCGCTTGTC-1-3",0.036,0.566,0.22,0.178
"CATTCGCTCTGCTGCT-1-3",0.106,0.44,0.232,0.222
"CCAATCCAGAGACTTA-1-3",0.032,0.05,0.186,0.732
"CCAATCCAGTCTTGCA-1-3",0.054,0.184,0.438,0.324
"CCACCTAAGACTTGAA-1-3",0.064,0.63,0.16,0.146
"CCACCTACACATGGGA-1-3",0.03,0.032,0.226,0.712
"CCACCTACACTGAAGG-1-3",0.052,0.702,0.164,0.082
"CCACCTACAGACAAGC-1-3",0.142,0.292,0.216,0.35
"CCACCTACAGCTCGAC-1-3",0.85,0.072,0.038,0.04
"CCACCTACAGTCGATT-1-3",0.148,0.08,0.068,0.704
"CCACCTATCGGAAACG-1-3",0.05,0.498,0.288,0.164
"CCACCTATCTAAGCCA-1-3",0,1,0,0
"CCACGGAAGATCCTGT-1-3",0.076,0.176,0.408,0.34
"CCACGGAAGCAATCTC-1-3",0.16,0.172,0.26,0.408
"CCACGGAAGGGTGTTG-1-3",0.252,0.204,0.154,0.39
"CCACGGAAGTCTCCTC-1-3",0.07,0.088,0.286,0.556
"CCACGGAGTCTAGTCA-1-3",0.776,0.08,0.036,0.108
"CCACGGAGTGACTCAT-1-3",0.036,0.094,0.35,0.52
"CCACGGATCAGTTGAC-1-3",0.016,0.038,0.868,0.078
"CCACTACAGAGCTGGT-1-3",0.062,0.096,0.432,0.41
"CCACTACAGGTGGGTT-1-3",0.3,0.104,0.102,0.494
"CCACTACAGTGTTTGC-1-3",0.07,0.156,0.088,0.686
"CCACTACCAACGCACC-1-3",0.052,0.238,0.568,0.142
"CCACTACCACAAGTAA-1-3",0.018,0.036,0.344,0.602
"CCACTACCATGTTGAC-1-3",0.012,0.022,0.034,0.932
"CCACTACGTTAAGAAC-1-3",0.08,0.256,0.364,0.3
"CCACTACTCAGCTCGG-1-3",0.022,0.048,0.264,0.666
"CCACTACTCTTTAGTC-1-3",0.064,0.192,0.596,0.148
"CCAGCGAAGTGTTGAA-1-3",0.054,0.076,0.096,0.774
"CCAGCGACAGACGTAG-1-3",0.042,0.06,0.658,0.24
"CCAGCGACAGGCTGAA-1-3",0.076,0.084,0.264,0.576
"CCAGCGAGTACCGTAT-1-3",0.064,0.538,0.222,0.176
"CCAGCGAGTTGCGTTA-1-3",0.03,0.11,0.772,0.088
"CCAGCGATCATTGCGA-1-3",0.052,0.108,0.72,0.12
"CCAGCGATCCTTGGTC-1-3",0.186,0.094,0.088,0.632
"CCAGCGATCTTACCTA-1-3",0.078,0.104,0.172,0.646
"CCATGTCGTCGCGTGT-1-3",0.072,0.386,0.316,0.226
"CCATGTCGTCGGCTCA-1-3",0.03,0.074,0.074,0.822
"CCATGTCGTTTGCATG-1-3",0.026,0.074,0.092,0.808
"CCATGTCTCCGCATAA-1-3",0.02,0.026,0.668,0.286
"CCATGTCTCTCACATT-1-3",0.046,0.124,0.304,0.526
"CCATTCGCAAGAAGAG-1-3",0.09,0.566,0.2,0.144
"CCATTCGCAAGCCATT-1-3",0.446,0.274,0.07,0.21
"CCATTCGCAGATCCAT-1-3",0.038,0.084,0.068,0.81
"CCATTCGCAGGCAGTA-1-3",0.048,0.148,0.666,0.138
"CCATTCGGTAGTAGTA-1-3",0.016,0.072,0.87,0.042
"CCATTCGGTGCTAGCC-1-3",0.042,0.8,0.074,0.084
"CCATTCGGTTCCGTCT-1-3",0,1,0,0
"CCCAATCAGCTTATCG-1-3",0.264,0.18,0.126,0.43
"CCCAATCCAACTGGCC-1-3",0.112,0.47,0.25,0.168
"CCCAATCCATTGGCGC-1-3",0.034,0.196,0.422,0.348
"CCCAATCGTTCCACGG-1-3",0.014,0.026,0.392,0.568
"CCCAATCTCATCGGAT-1-3",0.04,0.168,0.71,0.082
"CCCAGTTAGCATCATC-1-3",0.632,0.132,0.052,0.184
"CCCAGTTAGCTCCTCT-1-3",0.25,0.216,0.212,0.322
"CCCAGTTAGGGCACTA-1-3",0.034,0.21,0.612,0.144
"CCCAGTTGTCGTGGCT-1-3",0.04,0.178,0.65,0.132
"CCCAGTTGTCTGCGGT-1-3",0.112,0.24,0.426,0.222
"CCCAGTTGTGCGCTTG-1-3",0.892,0.018,0.034,0.056
"CCCAGTTTCAGCACAT-1-3",0.16,0.134,0.186,0.52
"CCCATACAGACTTTCG-1-3",0.61,0.19,0.062,0.138
"CCCATACCAGATTGCT-1-3",0.08,0.132,0.308,0.48
"CCCATACCATGCAACT-1-3",0.114,0.156,0.174,0.556
"CCCATACTCGTGGACC-1-3",0.1,0.124,0.13,0.646
"CCCTCCTAGACCCACC-1-3",0.014,0.058,0.714,0.214
"CCCTCCTTCGCATGAT-1-3",0.096,0.052,0.17,0.682
"CCGGGATAGAACAACT-1-3",0.04,0.118,0.746,0.096
"CCGGGATAGATCTGAA-1-3",0.028,0.036,0.198,0.738
"CCGGGATCAATCCGAT-1-3",0.04,0.058,0.26,0.642
"CCGGGATGTGTCAATC-1-3",0.014,0.024,0.222,0.74
"CCGGGATTCCGCGTTT-1-3",0.092,0.106,0.226,0.576
"CCGGGATTCGACAGCC-1-3",0.066,0.498,0.288,0.148
"CCGGTAGAGCTAACTC-1-3",0.11,0.416,0.212,0.262
"CCGGTAGCACCGCTAG-1-3",0.158,0.184,0.22,0.438
